 4.9643    6.3995     9.5134
 5.6980    6.9174     8.9935
 4.4461    7.0667    10.1134
 7.9150    4.9412     8.3899
 7.6451    5.9015     8.3567
 7.1392    4.3198     8.6540
 9.0094    7.9163     2.9477
 9.4524    8.1054     2.0207
 9.7924    8.2135     3.5511
 9.0777    0.7713     3.3225
 8.4718    0.7969     2.5315
 8.4347    1.1739     4.0314
 3.7079    8.1002    11.2308
 3.7214    9.0540    11.6789
 2.9697    7.5284    11.6169
 1.0782    3.9729    13.0202
 1.0317    3.7900    11.9842
 1.4384    3.1128    13.4350
 2.2103   11.1234     1.7419
 1.6613   11.7421     2.3356
 1.7517   10.2229     1.7856
10.2019   13.0786     8.0396
10.3715   12.1590     8.4055
 9.1864   13.3442     8.0857
 8.2095    2.1831     0.6557
 8.8760    2.7785     0.2004
 7.4526    2.8455     0.8378
 1.1752   10.0562     5.5549
 1.2545   10.9793     5.9718
 2.0072   10.1118     4.9892
 7.6729   12.2509     0.4579
 8.4255   11.6333     0.4488
 8.1500   13.1301     0.5978
 7.7153    2.6829    10.5803
 7.7311    2.2288    11.4674
 6.9870    3.4581    10.7210
 9.6032   10.4648     9.1921
 9.2759   10.0322     8.2620
 8.8019   10.9660     9.5455
10.5815    4.4154     8.0851
 9.5994    4.7213     8.1272
10.7419    4.3346     7.0486
10.4542   11.0942    13.3010
10.4931   10.1003    13.0184
10.6747   11.6560    12.4351
 5.1209    0.2606     4.8627
 5.8298    0.9942     4.7314
 4.4654    0.8609     5.2406
11.8971    1.9191     9.2018
11.2864    1.2003     8.8382
11.4805    2.8373     8.9922
12.1627    5.8060     1.1197
12.3329    6.0433     2.1378
12.9894    5.3088     0.8691
 7.0656   11.7048     9.6073
 7.0757   12.5412     9.0462
 6.6539   11.0554     8.8378
 0.5113    6.0149     5.9280
 1.2334    5.2929     6.0725
 0.8425    6.7928     6.5100
 4.7131    8.2748     3.7574
 4.0171    7.5106     3.5921
 4.1487    9.0845     3.9790
13.7373    8.7669     1.9728
12.8485    8.7374     1.3757
13.4365    8.2623     2.7830
10.7611    3.9456     5.4728
10.8719    2.9248     5.5148
 9.9216    4.2455     4.9870
 4.2196    2.8495     5.5573
 3.2790    3.0071     5.9358
 4.1137    3.2239     4.5645
 4.8233    6.2938    13.6720
 4.6294    6.9728    12.9546
 4.1035    6.4507    14.4201
10.9312   11.7687     3.0145
10.2708   12.5636     3.1253
10.7700   11.4773     2.0898
 1.2979    3.6465     9.9296
 0.8761    4.5489     9.6362
 0.4557    3.0243     9.9252
 8.6278    5.3922     2.0351
 8.8399    6.3361     2.2946
 9.1804    5.2718     1.2257
10.8013    1.2553     5.6638
10.6695    0.9768     6.6593
10.1317    0.7440     5.1113
 3.1222   10.5684    12.1289
 4.0310   11.0993    12.0054
 2.7618   10.9630    13.0233
 3.0252    6.5465     2.8802
 2.0144    6.5945     2.6791
 3.2199    5.6319     3.2049
 1.3812    7.9530     7.6355
 2.0515    8.4159     8.2914
 1.2396    8.6032     6.8233
 3.0473    0.1505    10.2991
 3.7881   -0.4546    10.7897
 3.4136    1.0846    10.2325
 6.4106    4.1325     1.1667
 5.8775    5.0268     1.1235
 7.2837    4.4281     1.6917
 4.1138    3.0947     9.6274
 3.1906    3.5836     9.6779
 4.6315    3.4256    10.4394
 5.3372   11.9188    11.7088
 6.0248   11.7290    10.9018
 6.0133   12.2028    12.4631
 7.6852    1.2360     8.3242
 7.0283    1.9502     7.9986
 7.8807    1.6386     9.2371
11.2174    9.1303    10.8723
10.6243    9.6872    10.2559
12.0857    9.7034    10.8835
 5.7622   10.2467     7.9269
 6.0593    9.3175     8.1079
 5.9745   10.4678     6.9217
10.8983    9.3469     4.5128
10.6336   10.2310     4.0771
11.8590    9.5295     4.8189
 8.7705    9.5780     6.8346
 9.5328    9.3665     6.2188
 8.1851   10.3077     6.3489
 1.9655    6.4511    12.2090
 1.0234    6.4955    11.9211
 2.0275    5.5643    12.6945
 3.8943    3.8322     2.9985
 3.0864    3.2125     2.8439
 4.6386    3.5144     2.3820
 7.3472    2.0201     5.0568
 7.0717    2.1595     6.0049
 7.6032    2.9714     4.7328
13.3679   10.9061    11.0212
13.8832   11.5757    10.4670
14.0551   10.6505    11.7302
 6.9185    9.6155     3.1905
 7.7360    9.0180     3.1980
 6.0571    9.0624     3.1738
 5.7986    4.2931    11.2669
 5.8590    4.4954    12.2276
 5.5746    5.2232    10.7982
 1.8474    3.5382     6.8676
 1.7754    3.5464     7.8657
 1.1210    2.9048     6.5375
 0.6105   12.6915     3.4332
-0.4081   12.4426     3.2548
 0.5851   13.3796     4.2018
10.3811    7.9592     0.5565
11.0082    7.1939     0.7937
10.3573    7.9658    -0.4752
 0.5751   14.2795     5.6272
-0.4281   14.1584     5.4647
 0.9349   13.5704     6.2877
12.3273    3.3523     3.1672
11.7017    3.6759     3.9022
11.7721    3.1515     2.3553
12.2627    6.8428     3.6601
12.6807    6.4550     4.5563
11.5370    7.4402     4.1128
13.0034    5.7721     8.9654
12.0618    5.4545     8.6111
13.2629    6.6009     8.4862
 6.6977   10.9684     5.3922
 6.8200   10.3038     4.5819
 6.3396   11.8768     5.0322
 1.7556    2.2271     2.4115
 1.5418    1.3429     2.7762
 0.8799    2.7362     2.6777
 8.2802    4.3822     4.5445
 8.4267    4.6382     3.5808
 7.7244    5.1985     4.9688
 1.8726   12.4258     7.2571
 2.2560   13.0486     7.9620
 1.9844   11.4603     7.6563
 3.5805   10.6279     4.2492
 3.4850   10.7596     3.2550
 4.0538   11.4944     4.6261
 5.9273    3.0478     7.7581
 5.4393    3.1315     6.8356
 5.1839    3.0159     8.4684
 7.0352    7.5217     7.3657
 6.9667    7.1429     6.3913
 7.8737    8.1001     7.4193
 3.1937    9.5523     8.8040
 3.4552    8.9429     9.5584
 4.0950    9.8387     8.4626
10.1620    4.4667    12.6572
10.9447    5.0371    12.9902
10.3404    4.1293    11.7265
 6.8502    6.8718     4.7234
 7.5362    6.9607     3.9477
 6.0779    7.3215     4.3051